10.3315 -2.89901 4.51251 -3.08089 3.49733 -19.5363 6.8904 -1.66689 -1.65791 -3.07054 0.887046 -0.244445 -0.338061 -1.05753 -0.718764 -1.73342 0.25364 -2.33222 -0.398771 -0.819375 -1.27178 -1.31597 -0.00937706 -1.63981 -1.13837 -1.28685 0.0732117 -1.11556 -0.111501 -1.0203 -0.264176 -0.566696 -10.5669
36.1534 30.9545 -26.1448 -25.2042 29.9892 -103.753 -95.7318 9.73363 51.3219 5.85849 -19.6445 -13.9954 22.3717 -7.47683 -2.79183 14.5031 -5.78657 3.95941 1.13451 -3.64211 -4.12775 -5.97912 -1.65747 -0.059835 1.14403 0.174307 0.422584 -0.222612 0.462186 -0.354962 -0.409157 -0.0302186 -94.3522
12.7746 122.902 -155.982 3.48753 -11.0718 -19.3902 -18.1865 -31.9723 4.29768 -114.603 -18.1485 -62.6755 12.3361 -12.9205 -2.05782 -6.80092 -4.65867 4.39272 2.42941 -6.61212 -1.47495 0.026056 -0.303259 -3.63893 -1.11793 -3.17537 1.384 -0.913362 -0.767347 -0.589423 -0.168808 -1.24893 27.7765
106.588 -11.7165 -47.0298 -124.007 -58.8789 50.9487 -152.35 -34.4502 22.6284 63.3548 9.89442 18.0449 0.329067 -6.30463 0.292721 30.2681 3.34743 2.78272 13.0803 -10.4652 -3.14638 0.268275 0.669402 -1.8442 0.0660406 -0.640487 -1.03156 -0.368043 0.493812 -0.866667 -0.989371 -0.136493 -93.6494
57.378 11.0131 29.6354 -53.1291 -52.118 1.78781 3.87873 53.0427 16.2298 -6.24399 -7.01436 -89.9201 -49.5502 -16.9736 -17.9787 5.06682 17.1702 -10.5146 -6.0568 -14.3146 -2.82731 -5.27462 1.78109 -1.07212 -6.98367 -2.16722 -1.92562 -4.20237 0.558539 -0.0625241 -0.131038 0.0711471 66.8872
-124.645 -153.646 69.8098 37.508 -83.5651 139.137 -95.9491 -128.344 13.8656 25.7539 -35.3799 -11.8809 14.0257 5.65111 -2.58103 -3.20019 0.808818 0.976132 -0.9676 0.502956 1.1662 0.601744 0.628992 0.789966 0.626831 0.0995462 -0.173028 0.0178903 0.0135235 0.237895 -0.0462431 -0.0695065 -158.64
-4.09857 7.8784 -13.7234 -0.864803 -4.04789 2.26675 -13.4091 3.85317 -1.07995 -2.70701 -2.08172 -0.589602 -1.63596 0.488217 0.0377111 -0.0798379 -0.18874 -0.313615 -0.274397 -0.327317 -0.0998176 -0.0580972 -0.306577 -0.0684194 -0.481027 -0.0531724 -0.400498 0.170721 -0.435219 0.180168 0.0218265 0.225085 -8.03816
7.04117 4.72194 15.5043 -1.85004 -2.51413 -3.11984 -0.796853 5.1374 1.06194 -0.339984 0.0934526 0.00554357 -0.150021 -0.594562 0.963439 1.96149 1.00788 0.850785 -0.10351 0.612892 0.563375 -0.201997 0.531563 1.26132 0.951015 0.124299 1.13208 1.23271 0.953761 0.450449 0.627906 0.919339 -20.0611
53.0156 75.5326 -126.726 6.21853 -93.6906 -48.2468 52.6126 -59.1434 4.7313 -132.248 -11.2477 -122.34 -11.1097 -16.3509 -26.4185 0.207246 10.1296 -13.3326 -7.74164 -1.49246 -3.52528 -0.457077 -2.22075 0.952562 -0.0756268 -0.197532 -0.862256 -0.526656 -0.284429 0.180172 -0.219788 -0.035495 -7.39269
-91.2169 -135.112 14.0914 97.4258 93.0354 166.634 -5.34222 35.5629 40.2086 -16.501 0.271467 -12.2219 15.8113 4.95946 13.7762 9.06824 -1.44382 -5.79555 1.76441 -0.839331 0.539457 -0.437429 0.331606 1.06052 -1.40519 -0.251984 0.28402 0.699894 0.293114 0.150232 -0.155766 0.347579 -108.649
-14.5862 -6.4531 3.86348 -1.06106 -3.04514 -12.794 8.69434 -7.10992 1.66903 2.10429 -0.14559 -3.61855 2.28854 1.20567 -1.24712 -2.71281 2.08329 0.221161 -0.482192 -0.947709 -0.385053 -0.108183 0.0957684 -0.222086 -0.423867 0.1283 -0.598786 -0.816885 0.955604 0.461295 0.113312 0.3072 -14.687
-9.11914 -106.563 56.4441 15.3728 -89.736 17.0982 -110.238 29.5408 -43.1687 -8.75122 -4.23175 -36.1344 -1.93499 -42.1415 17.1645 -9.03227 -4.51454 -5.92297 -3.48931 11.0663 -0.923966 6.03687 -15.777 8.45336 -4.96958 -1.16768 -3.34944 1.83395 -0.235221 0.29399 0.0554052 -1.39598 -28.3309
-4.26219 -88.5393 -155.558 -168.846 84.1256 -81.9153 64.4951 -64.6416 -99.498 13.4086 -8.23977 3.47061 -40.8302 -1.17689 -2.34326 -8.79143 3.35169 0.0533894 -0.537843 2.58332 -1.22998 1.69069 -0.202697 0.41131 -0.409519 0.238288 0.0514601 0.722577 0.13005 -0.0214481 -0.542977 0.737038 0.394651
-86.2085 -46.6579 -22.2765 47.6892 -82.7754 -13.8401 26.0213 92.0585 -73.6766 -101.239 24.941 9.61964 -4.1014 12.4224 4.5631 4.50268 -1.15859 7.52695 7.15149 1.04354 0.46686 0.475988 -0.432459 0.745946 0.408726 0.505328 0.596716 0.218867 -0.47088 -0.343155 0.236376 0.0209131 -137.358
16.0398 12.4247 -14.2495 1.62223 -6.67141 -8.9478 1.239 2.48919 1.22523 -0.4255 0.348125 -1.46484 -1.07735 0.416663 0.338949 1.07946 0.00401663 0.145009 0.123929 -0.0914216 0.246084 -0.387639 -0.118647 0.552397 0.0899188 0.531053 0.415797 0.345617 0.116531 -0.0305741 0.0591837 0.330655 -0.905586
63.9129 -44.7299 -47.088 77.1026 1.33013 -16.9826 4.11013 -4.2231 -5.59416 -3.90952 -1.05824 -1.80662 0.204548 -2.39987 -2.11852 -6.60766 -0.858114 6.04194 -10.0792 -4.58776 -4.55794 1.404 -0.201997 -0.6936 0.489094 -0.955994 -2.46641 -0.278428 -1.4682 -0.613673 -1.1449 -1.26356 -56.3052
-1.48263 1.01926 -0.580642 -0.707619 -0.683633 1.59218 1.65817 0.827812 0.933707 1.02424 2.51759 -1.09891 0.949505 1.82637 1.29553 -0.935752 -1.61691
